{
    "camera_angle_x": 0.6911111611634243,
    "camera_angle_y": 0.6911111611634243,
    "fl_x": 711.1111111111111,
    "fl_y": 711.1111111111111,
    "cx": 256.0,
    "cy": 256.0,
    "w": 512,
    "h": 512,
    "scale": 2.0,
    "aabb_scale": 16,
    "frames": [
        {
            "file_path": "./diff_mod_image/top_camera.png",
            "sharpness": 1.0,
            "transform_matrix": [
                [
                    1.0,
                    0.0,
                    0.0,
                    0.0
                ],
                [
                    0.0,
                    1.0,
                    0.0,
                    0.0
                ],
                [
                    0.0,
                    0.0,
                    1.0,
                    1.0
                ],
                [
                    0.0,
                    0.0,
                    0.0,
                    1.0
                ]
            ]
        },
        {
            "file_path": "./diff_mod_image/right_top.png",
            "sharpness": 1.0,
            "transform_matrix": [
                [
                    0.0,
                    -0.7071067690849304,
                    0.7071068286895752,
                    0.7071067690849304
                ],
                [
                    1.0,
                    0.0,
                    0.0,
                    0.0
                ],
                [
                    0.0,
                    0.7071067690849304,
                    0.7071068286895752,
                    0.7071067690849304
                ],
                [
                    0.0,
                    0.0,
                    0.0,
                    1.0
                ]
            ]
        },
        {
            "file_path": "./diff_mod_image/back_right_top.png",
            "sharpness": 1.0,
            "transform_matrix": [
                [
                    -0.7071067094802856,
                    -0.4999999701976776,
                    0.4999999701976776,
                    0.5
                ],
                [
                    0.7071067094802856,
                    -0.4999999701976776,
                    0.4999999701976776,
                    0.5
                ],
                [
                    0.0,
                    0.7071067690849304,
                    0.7071067094802856,
                    0.7071067690849304
                ],
                [
                    0.0,
                    0.0,
                    0.0,
                    1.0
                ]
            ]
        },
        {
            "file_path": "./diff_mod_image/back_top.png",
            "sharpness": 1.0,
            "transform_matrix": [
                [
                    -1.0,
                    -4.329780963457767e-17,
                    4.329780963457767e-17,
                    4.329780301713277e-17
                ],
                [
                    6.123235586414819e-17,
                    -0.7071067690849304,
                    0.7071068286895752,
                    0.7071067690849304
                ],
                [
                    -3.308722450212111e-24,
                    0.7071067690849304,
                    0.7071068286895752,
                    0.7071067690849304
                ],
                [
                    0.0,
                    0.0,
                    0.0,
                    1.0
                ]
            ]
        },
        {
            "file_path": "./diff_mod_image/back_left_top.png",
            "sharpness": 1.0,
            "transform_matrix": [
                [
                    -0.7071067094802856,
                    0.4999999701976776,
                    -0.4999999701976776,
                    -0.5
                ],
                [
                    -0.7071067094802856,
                    -0.4999999701976776,
                    0.4999999701976776,
                    0.5
                ],
                [
                    0.0,
                    0.7071067690849304,
                    0.7071067094802856,
                    0.7071067690849304
                ],
                [
                    0.0,
                    0.0,
                    0.0,
                    1.0
                ]
            ]
        },
        {
            "file_path": "./diff_mod_image/left_top.png",
            "sharpness": 1.0,
            "transform_matrix": [
                [
                    -1.2246471172829639e-16,
                    0.7071067690849304,
                    -0.7071068286895752,
                    -0.7071067690849304
                ],
                [
                    -1.0,
                    -8.659561926915534e-17,
                    8.659561926915534e-17,
                    8.659560603426554e-17
                ],
                [
                    -6.617444900424222e-24,
                    0.7071067690849304,
                    0.7071068286895752,
                    0.7071067690849304
                ],
                [
                    0.0,
                    0.0,
                    0.0,
                    1.0
                ]
            ]
        },
        {
            "file_path": "./diff_mod_image/front_left_top.png",
            "sharpness": 1.0,
            "transform_matrix": [
                [
                    0.7071067690849304,
                    0.4999999701976776,
                    -0.5,
                    -0.5
                ],
                [
                    -0.7071067690849304,
                    0.4999999701976776,
                    -0.5,
                    -0.5
                ],
                [
                    0.0,
                    0.7071067690849304,
                    0.7071067690849304,
                    0.7071067690849304
                ],
                [
                    0.0,
                    0.0,
                    0.0,
                    1.0
                ]
            ]
        },
        {
            "file_path": "./diff_mod_image/front_top.png",
            "sharpness": 1.0,
            "transform_matrix": [
                [
                    1.0,
                    1.2989341566884322e-16,
                    -1.2989341566884322e-16,
                    -1.2989340243395341e-16
                ],
                [
                    -1.8369704112266498e-16,
                    0.7071067690849304,
                    -0.7071068286895752,
                    -0.7071067690849304
                ],
                [
                    -6.617444900424222e-24,
                    0.7071067690849304,
                    0.7071068286895752,
                    0.7071067690849304
                ],
                [
                    0.0,
                    0.0,
                    0.0,
                    1.0
                ]
            ]
        },
        {
            "file_path": "./diff_mod_image/front_right_top.png",
            "sharpness": 1.0,
            "transform_matrix": [
                [
                    0.7071067690849304,
                    -0.4999999701976776,
                    0.5,
                    0.5
                ],
                [
                    0.7071067690849304,
                    0.4999999701976776,
                    -0.5,
                    -0.5
                ],
                [
                    0.0,
                    0.7071067690849304,
                    0.7071067690849304,
                    0.7071067690849304
                ],
                [
                    0.0,
                    0.0,
                    0.0,
                    1.0
                ]
            ]
        },
        {
            "file_path": "./diff_mod_image/right.png",
            "sharpness": 1.0,
            "transform_matrix": [
                [
                    0.0,
                    -6.123234262925839e-17,
                    1.0,
                    1.0
                ],
                [
                    1.0,
                    0.0,
                    0.0,
                    0.0
                ],
                [
                    0.0,
                    1.0,
                    6.123234262925839e-17,
                    6.123234262925839e-17
                ],
                [
                    0.0,
                    0.0,
                    0.0,
                    1.0
                ]
            ]
        },
        {
            "file_path": "./diff_mod_image/back_right.png",
            "sharpness": 1.0,
            "transform_matrix": [
                [
                    -0.7071067690849304,
                    -4.329780632585522e-17,
                    0.7071067690849304,
                    0.7071067690849304
                ],
                [
                    0.7071067690849304,
                    -4.329780632585522e-17,
                    0.7071067690849304,
                    0.7071067690849304
                ],
                [
                    0.0,
                    1.0,
                    6.123234262925839e-17,
                    6.123234262925839e-17
                ],
                [
                    0.0,
                    0.0,
                    0.0,
                    1.0
                ]
            ]
        },
        {
            "file_path": "./diff_mod_image/back.png",
            "sharpness": 1.0,
            "transform_matrix": [
                [
                    -1.0,
                    -3.74939976039497e-33,
                    6.123234262925839e-17,
                    6.123234262925839e-17
                ],
                [
                    6.123234262925839e-17,
                    -6.123234262925839e-17,
                    1.0,
                    1.0
                ],
                [
                    0.0,
                    1.0,
                    6.123234262925839e-17,
                    6.123234262925839e-17
                ],
                [
                    0.0,
                    0.0,
                    0.0,
                    1.0
                ]
            ]
        },
        {
            "file_path": "./diff_mod_image/back_left.png",
            "sharpness": 1.0,
            "transform_matrix": [
                [
                    -0.7071067690849304,
                    4.329780632585522e-17,
                    -0.7071067690849304,
                    -0.7071067690849304
                ],
                [
                    -0.7071067690849304,
                    -4.329780632585522e-17,
                    0.7071067690849304,
                    0.7071067690849304
                ],
                [
                    0.0,
                    1.0,
                    6.123234262925839e-17,
                    6.123234262925839e-17
                ],
                [
                    0.0,
                    0.0,
                    0.0,
                    1.0
                ]
            ]
        },
        {
            "file_path": "./diff_mod_image/left.png",
            "sharpness": 1.0,
            "transform_matrix": [
                [
                    -1.2246468525851679e-16,
                    6.123234262925839e-17,
                    -1.0,
                    -1.0
                ],
                [
                    -1.0,
                    -7.49879952078994e-33,
                    1.2246468525851679e-16,
                    1.2246468525851679e-16
                ],
                [
                    0.0,
                    1.0,
                    6.123234262925839e-17,
                    6.123234262925839e-17
                ],
                [
                    0.0,
                    0.0,
                    0.0,
                    1.0
                ]
            ]
        },
        {
            "file_path": "./diff_mod_image/front_left.png",
            "sharpness": 1.0,
            "transform_matrix": [
                [
                    0.7071068286895752,
                    4.329780632585522e-17,
                    -0.7071068286895752,
                    -0.7071067690849304
                ],
                [
                    -0.7071068286895752,
                    4.329780632585522e-17,
                    -0.7071068286895752,
                    -0.7071067690849304
                ],
                [
                    0.0,
                    1.0,
                    6.123234924670329e-17,
                    6.123234262925839e-17
                ],
                [
                    0.0,
                    0.0,
                    0.0,
                    1.0
                ]
            ]
        },
        {
            "file_path": "./diff_mod_image/front.png",
            "sharpness": 1.0,
            "transform_matrix": [
                [
                    1.0,
                    1.1248198179158957e-32,
                    -1.8369701465288538e-16,
                    -1.8369701465288538e-16
                ],
                [
                    -1.8369701465288538e-16,
                    6.123234262925839e-17,
                    -1.0,
                    -1.0
                ],
                [
                    0.0,
                    1.0,
                    6.123234262925839e-17,
                    6.123234262925839e-17
                ],
                [
                    0.0,
                    0.0,
                    0.0,
                    1.0
                ]
            ]
        },
        {
            "file_path": "./diff_mod_image/front_right.png",
            "sharpness": 1.0,
            "transform_matrix": [
                [
                    0.7071068286895752,
                    -4.329780632585522e-17,
                    0.7071068286895752,
                    0.7071067690849304
                ],
                [
                    0.7071068286895752,
                    4.329780632585522e-17,
                    -0.7071068286895752,
                    -0.7071067690849304
                ],
                [
                    0.0,
                    1.0,
                    6.123234924670329e-17,
                    6.123234262925839e-17
                ],
                [
                    0.0,
                    0.0,
                    0.0,
                    1.0
                ]
            ]
        }
    ]
}